column_name,start_pos,width,unique_id_yn,matchfield_yn,bigmatch_type,data_format,comments
chcps,1,8,y,,,,
fname,9,12,,,,,
altfanme,21,12,,,,,
mname,33,12,,,,,
lname,45,15,,,,,
altlname,16,15,,,,,
altlname2,75,15,,,,,
suffx,90,3,,,,,
xl,93,4,,,,,
xf,97,4,,,,,
xl2,101,4,,,,,
xf2,105,4,,,,,
birthdate,109,8,,,,,
birth_year,109,4,,,,,
birth_mo,113,2,,,,,
birth_day,115,2,,,,,
sex,117,1,,,,,
race,118,1,,,,,
sid,119,8,,,,,
sid1,127,8,,,,,





