column_name,start_pos,width,unique_id_yn,matchfield_yn,bigmatch_type,data_format,comments
chdcfs,1,8,y,,,,
fname,9,12,,,,,
altfname,21,12,,,,,
mname,33,12,,,,,
lname,45,15,,,,,
altlname,60,15,,,,,
altlname2,75,15,,,,,
suffx,90,3,,,,,
xl,93,4,,,,,
xf,97,4,,,,,
xl2,101,4,,,,,
xf2,105,4,,,,,
birthdate,109,8,,,,,
year,109,4,,,,,
mo,113,2,,,,,
day,115,2,,,,,
sex,117,1,,,,,
race,118,1,,,,,
case_id,119,8,,,,,






